<?xml version="1.0"?>
<opencv_storage>
<H type_id="opencv-matrix">
  <rows>3</rows>
  <cols>3</cols>
  <dt>f</dt>
  <data>
    18.00220108 -5.95517635 275.30679321 -0.26705882 8.37869263
    303.51235962 2.47719232e-04 -0.01992491 25.</data></H>
</opencv_storage>
